wd_path <- "~/Documents/GIT/pdindicatoR/data"
tree_path <- "./test2.tree"
cube_path <- "./data/0045941-240626123714530.csv"
cutoff <- 6
taxon <- "Musteloidea"
xmin = 3885477
xmax = 3929441
ymin = 3103857
ymax = 3126672
