
tree_path <- "./data/Musteloidea_tree.tre"
tree_path2 <- "./data/maarten/test.tree"
cube_path <- "./data/cube_musteloidea_BE_databricks.csv"
cube_path2 <- "./data/maarten/0114887-240626123714530.csv"
cutoff <- 6
taxon <- "Musteloidea"
xmin = 3885477
xmax = 3929441
ymin = 3103857
ymax = 3126672
